- OS: Windows-10-10.0.19045-SP0 10.0.19045
- Python: 3.10.9
- Stable-Baselines3: 2.2.1
- PyTorch: 2.1.1+cu121
- GPU Enabled: True
- Numpy: 1.26.2
- Cloudpickle: 2.0.0
- Gymnasium: 0.29.1
- OpenAI Gym: 0.26.2
